57.5915 83.529 89.3959 
39.3496 59.5401 69.2671 
114.507 122.223 131.792 
85.2378 93.1672 99.7481 
91.4463 95.7106 99.127 
113.39 117.927 127.754 
109.234 121.071 135.11 
108.781 110.566 111.577 
96.5754 99.777 100.66 
99.5931 104.04 109.868 
99.6472 99.215 99.6482 
96.2425 95.4898 96.8265 
102.986 100.664 108.448 
101.347 94.6231 84.2113 
96.3833 96.0104 96.1236 
94.1288 101.288 109.872 
38 45 55
41 52 68
31 42 57
60.1714 86.7119 105.534 
55.1494 84.0791 98.9208 
99.2225 125.335 139.449 
107.474 132.253 143.277 
55.9569 82.2351 96.239 
105.806 134.372 150.157 
42.3914 46.8427 50.8466 
58.9458 66.6002 79.3456 
50.1462 57.3698 69.6791 
26.7765 34.575 38.3259 
50.2657 61.6216 78.2518 
52.9727 64.1236 78.9765 
26.4153 33.3033 36.0417 
59.6417 61.5488 61.9414 
26.2139 33.6069 36.7597 
26.6494 29.9355 29.4086 
52.767 61.3906 71.1688