48.0638 107.364 129.609 
26.9663 66.9896 88.5092 
95.4932 113.76 137.092 
110.708 127.005 145.042 
95.5682 109.865 122.652 
97.3642 109.574 120.97 
109.434 134.112 161.767 
88.9526 112.474 129.375 
104.822 109.635 116.481 
99.2792 107.926 125.985 
92.7695 108.995 121.221 
96.9936 102.537 104.152 
102.286 106.283 108.254 
22 50 83
50 84 115
30 59 81
21 52 77
49 77 91
59 90 107
60 95 108
61.7125 124.982 150.284 
23.8204 78.0309 114.161 
34.7419 49.6831 63.3501 
43.0719 63.206 91.2757 
39.2844 58.3118 76.5599 
30.1198 46.7844 58.1236 
37.7312 62.0902 95.8999 
36.1334 58.6697 83.3595 
25.03 50.356 79.9129 
32.9191 54.2188 76.2428 
38.9142 57.0125 71.8111 
33.1416 51.7309 71.0792 
28.4241 43.1755 48.7013 